     0.898800
     0.210300
      1.25510
      1.01180
      1.85180
      1.77060
      1.15700
      1.09490
     0.549600
     0.534800
     0.360200
      1.52510
      1.60820
     0.258100
     0.795500
     0.947000
     0.789900
     0.183700
      1.20710
      1.75880
      1.18600
      1.09120
      2.24890
     0.178700
      1.13830
      1.04740
     0.897200
     0.501300
     0.350200
      1.95460
      1.52150
     0.216700
     0.169000
     0.302800
      1.75510
      1.35170
     0.170900
     0.498400
     0.206500
     0.819900
      1.07890
      1.35100
     0.910000
      1.53850
      1.75600
      2.72490
      1.08120
      1.40570
      1.23540
      1.29120
     0.509600
     0.258700
     0.535600
     0.959000
     0.320300
      1.79280
      1.11070
     0.339900
      1.21120
     0.257400
     0.252900
      1.23880
     0.512900
     0.569800
      1.51260
     0.432800
     0.526200
     0.365000
      1.32390
     0.334000
     0.474100
      1.30530
     0.474300
      1.54270
      1.05610
      1.07290
      1.49770
     0.255000
     0.914200
      2.17420
      2.20740
      1.12220
      2.23010
      1.66730
      2.35150
      1.27340
     0.256400
     0.943500
     0.352000
      1.12510
     0.265100
     0.645000
     0.366500
     0.270400
     0.582782
      1.69530
      2.07560
      1.10920
     0.419600
     0.330200
     0.240100
      2.70230
      1.04360
     0.912300
      1.47570
      1.03460
     0.834800
      1.59410
      1.06990
      1.11630
      1.18070
     0.511200
     0.677200
     0.969200
      2.34640
      1.82710
      1.28620
      1.06068
      1.19260
     0.792000
      1.21000
     0.330100
     0.348700
      1.03690
      1.47700
      1.62800
      1.46630
      1.00230
      1.20590
      1.54580
      1.33020
     0.715100
      1.07030
     0.397200
     0.680700
     0.974300
     0.478900
      1.34790
      1.20140
     0.649600
      1.10130
     0.628900
      1.20140
     0.339100
     0.263613
     0.497500
      1.06900
     0.235700
      2.09030
      1.03680
      1.48800
      1.00050
      1.23990
      1.10960
     0.957600
      1.27600
      1.95220
      1.32490
      2.40910
      2.23020
      1.37990
     0.914200
     0.956100
     0.834900
     0.617800
     0.815200
      1.51930
      1.44480
     0.216600
     0.420100
     0.326700
      2.47320
     0.381700
      1.24710
     0.817000
      2.18650
      1.39800
     0.576300
     0.869200
      1.06200
     0.925900
     0.990500
     0.327300
      1.60600
      1.11790
      1.34940
      1.09720
      2.49520
      2.24610
      1.14520
      1.29030
      1.12830
     0.351600
      1.09780
     0.705400
     0.840700
     0.747200
     0.552200
     0.937300
      1.99220
     0.306200
     0.828887
     0.523200
      1.42410
      1.44640
     0.766000
      1.05810
      1.24500
      1.88650
     0.902400
     0.264500
      1.06310
      1.96420
     0.846200
     0.878300
      1.18640
      1.38790
     0.621000
     0.991000
     0.947400
     0.993500
     0.920800
      1.48340
      1.38480
     0.536400
      2.05093
     0.326900
      1.27910
     0.340200
      1.66620
     0.248890
     0.336000
     0.620600
     0.495400
      1.26070
     0.543800
      1.16000
     0.509200
     0.943500
     0.562300
     0.359400
      1.17000
      1.87000
      1.06000
     0.831500
      1.09540
     0.434400
      2.61160
      1.30230
      1.57000
     0.618600
      1.15630
      2.86360
      2.24000
     0.760954
     0.478200
     0.605400
      1.34280
      1.26000
     0.542100
      1.45000
      1.75910
     0.590500
      2.04000
     0.914100
      2.10610
     0.784300
      1.57111
     0.980000
      1.11530
     0.837425
      1.20100
      1.03570
     0.690000
     0.613000
     0.144400
     0.432080
     0.480800
     0.466500
      1.01000
      1.56470
      1.42000
     0.761584
     0.697500
     0.644900
     0.627300
      1.11000
     0.978200
      1.50000
     0.655800
     0.828900
     0.970000
     0.298200
      1.28200
      1.57000
     0.308300
     0.498800
     0.693100
     0.348200
      1.61990
      1.06700
     0.960100
      1.20000
      1.74000
     0.881900
     0.537200
      1.28323
     0.594600
      1.67000
     0.910000
     0.613000
      1.80000
     0.811900
      1.29730
     0.642800
     0.920000
     0.796200
     0.950000
     0.730000
     0.962900
      1.16200
      1.14710
      1.12000
      1.39120
      1.38740
     0.506400
     0.710000
     0.538300
     0.405100
     0.808600
     0.391800
     0.545700
     0.609400
     0.349300
      1.88220
     0.700000
     0.395591
      1.35000
      1.21000
     0.701300
      2.32560
     0.619700
     0.860600
     0.390000
      1.98939
     0.335400
     0.984711
