     0.2
     0.620600
     0.495400
      1.26070
     0.543800
      1.16000
     0.509200
     0.943500
     0.562300
     0.359400
      1.17000
      1.87000
      1.06000
     0.831500
      1.09540
     0.434400
      2.61160
      1.30230
      1.57000
     0.618600
      1.15630
      2.86360
      2.24000
     0.760954
     0.478200
     0.605400
      1.34280
      1.26000
     0.542100
      1.45000
      1.75910
     0.590500
      2.04000
     0.914100
      2.10610
     0.784300
      1.57111
     0.980000
      1.11530
     0.837425
      1.20100
      1.03570
     0.690000
     0.613000
     0.144400
     0.432080
     0.480800
     0.466500
      1.01000
      1.56470
      1.42000
     0.761584
     0.697500
     0.644900
     0.627300
      1.11000
     0.978200
      1.50000
     0.655800
     0.828900
     0.970000
     0.298200
      1.28200
      1.57000
     0.308300
     0.498800
     0.693100
     0.348200
      1.61990
      1.06700
     0.960100
      1.20000
      1.74000
     0.881900
     0.537200
      1.28323
     0.594600
      1.67000
     0.910000
     0.613000
      1.80000
     0.811900
      1.29730
     0.642800
     0.920000
     0.796200
     0.950000
     0.730000
     0.962900
      1.16200
      1.14710
      1.12000
      1.39120
      1.38740
     0.506400
     0.710000
     0.538300
     0.405100
     0.808600
     0.391800
     0.545700
     0.609400
     0.349300
      1.88220
     0.700000
     0.395591
      1.35000
      1.21000
     0.701300
      2.32560
     0.619700
     0.860600
     0.390000
      1.98939
     0.335400
     0.984711
